,distrito,venta €/m2,alquiler €/m2,metros2,precio venta,precio alquiler
0,algiros,2294,11.9,121.9,279638.60000000003,1450.6100000000001
1,benicalap,1826,9.6,130.8,238840.80000000002,1255.68
2,benimaclet,2081,9.4,87.7,182503.7,824.3800000000001
3,camins al grau,2232,12.6,129.3,288597.60000000003,1629.18
4,campanar,2597,12.5,119.1,309302.7,1488.75
5,ciutat vella,3161,15.7,127.6,403343.6,2003.3199999999997
6,el pla del real,2863,12.4,104.4,298897.2,1294.5600000000002
7,extramurs,2567,11.4,137.5,352962.5,1567.5
8,jesus,1720,10.0,124.9,214828.0,1249.0
9,l'eixample,3397,14.3,123.8,420548.6,1770.3400000000001
10,l'olivereta,1647,10.4,114.2,188087.4,1187.68
11,la saidia,1951,11.2,111.1,216756.09999999998,1244.32
12,patraix,1822,10.0,131.7,239957.39999999997,1317.0
13,poblats maritims,2057,12.9,115.3,237172.1,1487.37
14,quatre carreres,2228,12.1,118.4,263795.2,1432.64
15,rascanya,1553,10.5,121.6,188844.8,1276.8
